epoch,Response_Classification_acc,Response_Classification_loss,Survival_Rate_loss,Survival_Rate_mean_absolute_error,Treatment_Regress_loss,Treatment_Regress_mean_absolute_error,loss,val_Response_Classification_acc,val_Response_Classification_loss,val_Survival_Rate_loss,val_Survival_Rate_mean_absolute_error,val_Treatment_Regress_loss,val_Treatment_Regress_mean_absolute_error,val_loss
0,0.21028645833333334,11.50038500626882,1919188.1341145833,508.5234088897705,2488274.70703125,856.208740234375,4407474.265625,0.0,6.239035248756409,241238.521039327,220.18473943074545,911297.957611084,789.2424532572428,1152542.7270914714
1,0.2994791666666667,10.246232151985168,297640.765625,320.37978744506836,587887.0182291666,606.502321879069,885538.0416666666,0.7760416666666666,3.4678613549719253,216850.58678690591,232.39550749460855,733261.0110677084,734.5727361043295,950115.0164388021
0,0.3079427083333333,10.084181427955627,857183.7981770834,423.43931833902997,1389224.0755208333,764.9626998901367,2246417.9817708335,0.7786458333333334,3.397389901704552,252952.14915847778,225.17480174700418,821851.4485677084,755.6092338562012,1074806.9886067708
1,0.4609375,8.093092481295267,294828.98828125,320.7145525614421,510215.4557291667,566.0610071818033,805052.5403645834,0.8333333333333334,2.686349332332611,210684.87080891928,250.76019732157388,625228.9069010416,705.6213684082031,835916.4459635416
2,0.55859375,6.724159042040507,260982.42122395834,329.2725079854329,376449.9895833333,498.13514073689777,637439.1393229166,0.8333333333333334,2.686349332332611,197759.87337239584,314.27713267008465,442955.75,643.0477498372396,640718.3203125
0,0.3072916666666667,9.893534183502197,5939046.822916667,560.1140359242758,3877986.25,868.2870890299479,9817042.768229166,0.7552083333333334,3.5172755832487987,243454.58415730795,224.44176864624023,987909.7965494791,828.748861948649,1231367.88671875
1,0.3997395833333333,8.881231168905893,312232.8372395833,329.3390833536784,594172.8294270834,612.8047892252604,906414.5546875,0.8333333333333334,2.6863502673831547,215528.53693644205,231.11079851786295,739015.6165364584,733.8764216105143,954546.8064778646
2,0.443359375,8.217074354489645,261543.61588541666,317.1757170359294,425030.0423177083,512.0704078674316,686581.87890625,0.8333333333333334,2.686349332332623,200292.5625,283.3710060119629,574413.3229166666,690.6633733113607,774708.5677083334
3,0.5546875,6.850798149903615,250156.0390625,338.89294560750324,343647.48828125,476.62657165527344,593810.3815104166,0.8333333333333334,2.686349332332623,196769.70670572916,326.93114471435547,455608.5859375,648.9669901529948,652380.9713541666
4,0.5768229166666666,6.567454536755879,240027.57552083334,353.89252344767254,307998.1119791667,464.7632548014323,548032.2526041666,0.8333333333333334,2.686349332332623,199564.451171875,352.83199310302734,395893.734375,620.3943328857422,595460.875
5,0.6009114583333334,6.312036633491516,237095.51236979166,358.4534276326497,306091.662109375,466.5391019185384,543193.4830729166,0.8333333333333334,2.686349332332623,201568.93880208334,360.72490946451825,378669.2838541667,609.9655303955078,580240.9270833334
6,0.607421875,6.289035816987355,234507.447265625,370.7696189880371,290624.65234375,458.12650807698566,525138.39453125,0.8333333333333334,2.686349332332623,204146.2109375,371.7845942179362,366750.5703125,602.0509236653646,570899.4479166666
7,0.6145833333333334,6.15759030977885,233069.85872395834,373.44968541463214,278211.3873697917,455.0942077636719,511287.4075520833,0.8333333333333334,2.686349332332623,208863.88606770834,391.2396596272786,333837.21875,576.3254750569662,542703.7916666666
8,0.6009114583333334,6.301411310831706,230474.50846354166,377.3459078470866,266552.0364583333,449.6772524515788,497032.8502604167,0.8333333333333334,2.686349332332623,207118.2734375,379.0027669270833,354830.0364583333,593.5800272623698,561950.984375
9,0.6106770833333334,6.164883414904277,231715.18880208334,371.1622594197591,261177.09049479166,444.6681989034017,492898.44140625,0.8333333333333334,2.686349332332623,212391.93619791666,376.42238362630206,351374.4322916667,589.7905883789062,563769.0625
0,0.24283854166666666,11.295982440312704,2317217.71875,491.73493067423504,1259932.9010416667,755.8736826578776,3577161.890625,0.1484375,11.212425589561462,244919.52009328207,222.60881932576498,840379.9031575521,763.0622564951578,1085310.6217447917
1,0.330078125,9.818954606850943,285327.9635416667,321.9181989034017,520727.7395833333,571.2135988871256,806065.5234375,0.8333333333333334,2.686349332332623,203193.15470377603,277.42169825236004,646247.5436197916,714.9089965820312,849443.3860677084
2,0.5052083333333334,7.440261165301005,242570.626953125,335.2336845397949,369409.6393229167,490.8189328511556,611987.7083333334,0.8333333333333334,2.686349332332623,199138.82421875,341.3759358723958,470882.3802083333,657.7166951497396,670023.890625
3,0.5729166666666666,6.586888233820598,227631.37434895834,353.1014175415039,289992.1041666667,447.5822168986003,517630.06640625,0.8333333333333334,2.686349332332623,202946.77473958334,367.67394002278644,394300.65625,620.9628397623698,597250.1302083334
4,0.59765625,6.359023133913676,231145.306640625,367.10355885823566,302898.3938802083,463.665709177653,534050.0559895834,0.8333333333333334,2.686349332332623,204110.43424479166,372.1725031534831,384062.5703125,614.5595448811849,588175.6927083334
5,0.6119791666666666,6.163887123266856,231330.72265625,368.3121198018392,299406.296875,462.50102615356445,530743.1875,0.8333333333333334,2.686349332332623,203164.12890625,365.89322153727215,386679.3697916667,616.2795104980469,589846.1927083334
6,0.6197916666666666,6.102272431055705,234195.44856770834,362.7513656616211,303359.748046875,466.44339243570965,537561.3059895834,0.8333333333333334,2.686349332332623,201328.5546875,353.39510854085285,396609.5390625,622.0763600667318,597940.7708333334
7,0.6178385416666666,6.10556145509084,229044.220703125,358.57687123616535,293676.8951822917,459.5379778544108,522727.21875,0.8333333333333334,2.686349332332623,203408.18619791666,367.6835174560547,383088.4270833333,614.2082926432291,586499.3020833334
8,0.6171875,6.14856602748235,230365.083984375,361.95748138427734,283101.9055989583,453.116392771403,513473.1419270833,0.8333333333333334,2.686349332332623,203433.22200520834,366.07427978515625,381909.5729166667,613.397450764974,585345.484375
9,0.6204427083333334,6.084063371022542,223342.294921875,360.24775377909344,269985.4466145833,438.7414360046387,493333.8294270833,0.8333333333333334,2.686349332332623,207532.69856770834,373.5599543253581,373866.46875,608.3016560872396,581401.8645833334
10,0.6236979166666666,6.055327137311299,231258.34244791666,370.25629806518555,285240.7890625,457.3893407185872,516505.1875,0.8333333333333334,2.686349332332623,214537.70377604166,383.9244689941406,363734.8125,601.2105814615885,578275.2135416666
11,0.6217447916666666,6.071937421957652,227625.29947916666,373.3996404012044,267261.666015625,448.69237263997394,494893.0403645833,0.8333333333333334,2.686349332332623,216059.2265625,378.5789566040039,377789.875,611.0394490559896,593851.78125
12,0.625,6.032080749670665,227288.84765625,372.90994517008465,260075.43229166666,441.1007537841797,487370.31640625,0.8333333333333334,2.686349332332623,218220.064453125,358.81539662679035,405982.1458333333,627.5655415852865,624204.9010416666
13,0.6158854166666666,6.17452069123586,228505.01236979166,375.7586975097656,253121.03841145834,440.0161895751953,481632.23046875,0.8333333333333334,2.686349332332623,206969.82291666666,384.85121663411456,358604.6927083333,597.6556701660156,565577.203125
14,0.62109375,6.096343626578649,215615.42317708334,368.41319529215497,242750.833984375,435.3245328267415,458372.3528645833,0.8333333333333334,2.686349332332623,212673.61848958334,397.2873179117839,346973.8802083333,588.0374450683594,559650.1875
15,0.6204427083333334,6.0937738219896955,218643.482421875,372.4896761576335,238824.30989583334,433.280824025472,457473.8841145833,0.8333333333333334,2.686349332332623,219595.89453125,393.31445058186847,359937.9010416667,595.7349853515625,579536.4895833334
16,0.6158854166666666,6.161831021308899,222451.76627604166,375.5590413411458,238218.07161458334,430.34068552652997,460676.0026041667,0.8333333333333334,2.686349332332623,211726.71158854166,365.9205042521159,393457.5208333333,620.4890950520834,605186.921875
17,0.623046875,6.06626699368159,216123.849609375,372.1533025105794,239286.23567708334,435.5921122233073,455416.1510416667,0.8333333333333334,2.686349332332623,210030.849609375,363.3963979085286,392896.0833333333,618.992930094401,602929.625
18,0.6197916666666666,6.115206221739451,218415.94759114584,375.20752843221027,240107.595703125,432.7921511332194,458529.6588541667,0.8333333333333334,2.686349332332623,231144.44986979166,384.7173538208008,393858.9270833333,611.0612487792969,625006.0677083334
19,0.615234375,6.196435948212941,217374.95052083334,366.72853978474933,231882.68424479166,429.12309010823566,449263.8333333333,0.8333333333333334,2.686349332332623,219845.6328125,381.9496815999349,365849.2239583333,598.258799235026,585697.5520833334
20,0.6197916666666666,6.122690776983897,210118.89908854166,367.56794357299805,228261.30143229166,425.29492060343426,438386.3216145833,0.8385416666666666,2.575455288092307,235613.609375,417.89930725097656,349039.3854166667,579.4354502360026,584655.5625
21,0.6184895833333334,6.136070628960927,212219.84505208334,373.9169553120931,233058.54361979166,427.96663029988605,445284.5208333333,0.8333333333333334,2.686349332332623,226702.88802083334,410.0713144938151,346549.2916666667,583.1724039713541,573254.8541666666
22,0.6204427083333334,6.115111937125524,221673.19986979166,376.8834342956543,234926.6796875,431.21373748779297,456605.9908854167,0.8359375,2.644380033016217,223488.61848958334,384.89788818359375,369123.5,599.9514973958334,592614.7604166666
23,0.6171875,6.162892917792003,212968.57552083334,367.09013748168945,222169.92838541666,419.93433888753253,435144.6653645833,0.8333333333333334,2.686349332332623,223892.2265625,388.6581573486328,374830.5416666667,605.2411397298177,598725.453125
24,0.6184895833333334,6.126865963141124,215376.37565104166,377.26499938964844,224488.27018229166,419.1504020690918,439870.7734375,0.8333333333333334,2.686349332332623,225934.13802083334,393.29830169677734,372558.2395833333,602.9832458496094,598495.0729166666
25,0.619140625,6.132794002691905,212548.974609375,368.8680305480957,226770.91796875,422.90107854207355,439326.0234375,0.8333333333333334,2.686349332332623,225858.76692708334,398.83216349283856,353144.78125,587.4997253417969,579006.2291666666
26,0.6197916666666666,6.114017943541209,207709.16015625,368.324036916097,228547.69856770834,425.34364318847656,436262.9700520833,0.8333333333333334,2.686349332332623,227703.59114583334,396.7635854085286,363514.5520833333,593.0817362467448,591220.8177083334
27,0.6197916666666666,6.121683160463969,209366.93294270834,370.76605860392254,224393.70052083334,421.57083892822266,433766.75,0.8333333333333334,2.686349332332623,228610.13606770834,395.95503489176434,372977.65625,599.8526611328125,601590.4739583334
28,0.6178385416666666,6.149838904539744,210103.10416666666,367.9142595926921,223215.83072916666,420.9693768819173,433325.0807291667,0.8333333333333334,2.686349332332623,229557.265625,399.27045186360675,363970.8541666667,593.0308125813802,593530.8020833334
29,0.619140625,6.134983837604523,212141.58919270834,371.0836919148763,223052.82161458334,419.1603775024414,435200.5416666667,0.8333333333333334,2.686349332332623,224765.22916666666,393.30330657958984,372559.5520833333,603.2310078938802,597327.4635416666
30,0.619140625,6.138727754354477,214797.67317708334,376.1864535013835,218739.49544270834,415.1039352416992,433543.30859375,0.84375,2.5184727708498755,236454.85677083334,398.2345250447591,375510.8854166667,597.1607259114584,611968.265625
31,0.623046875,6.075766483942668,210507.25390625,368.911195119222,213860.11653645834,411.1204655965169,424373.4453125,0.84375,2.508290708065045,243066.44401041666,411.89906819661456,367819.5208333333,587.4703369140625,610888.46875
32,0.6197916666666666,6.128435651461284,214123.6640625,374.4795316060384,223837.560546875,417.63948186238605,437967.3502604167,0.8411458333333334,2.5607860287030655,236835.21223958334,403.46639760335285,373596.6432291667,595.6575622558594,610434.4270833334
33,0.6217447916666666,6.0967535972595215,208105.76041666666,365.84625752766925,211605.060546875,406.946969350179,419716.91796875,0.84375,2.518452425797792,238295.1484375,404.0199839274089,371296.2916666667,593.3475952148438,609593.9583333334
34,0.62109375,6.107201953728993,208332.73372395834,372.5120023091634,211592.84440104166,404.0570831298828,419931.68359375,0.8411458333333334,2.5604268113772193,232123.76302083334,398.2669677734375,374030.8854166667,599.5540262858073,606157.2135416666
35,0.6217447916666666,6.096754789352417,210952.44075520834,371.9955698649089,215791.45572916666,410.8112322489421,426749.98828125,0.8619791666666666,2.2246329983075577,257092.44921875,402.0456899007161,409049.875,602.3389180501302,666144.5520833334
36,0.6217447916666666,6.094766855239868,207635.65299479166,364.98962529500324,218048.90755208334,409.3573824564616,425690.6510416667,0.8463541666666666,2.443879385789247,234454.69791666666,384.34791056315106,394519.9322916667,609.2685902913412,628977.0729166666
37,0.6217447916666666,6.08972305059433,206650.94140625,367.73292541503906,217733.48697916666,408.3675651550293,424390.5182291667,0.8411458333333334,2.5604268113772193,233133.68294270834,393.4037602742513,384594.7942708333,605.3289794921875,617731.0364583334
38,0.6236979166666666,6.06188178062439,210533.0078125,369.2383626302083,219741.96875,414.2034060160319,430281.0364583333,0.84375,2.518452425797792,240850.50390625,406.97547149658203,359579.90625,581.7025756835938,600432.9375
39,0.6165364583333334,6.175665179888408,208177.31770833334,369.30906931559247,214696.94140625,407.98952865600586,422880.4322916667,0.8359375,2.6181930899620176,238506.43359375,410.25988006591797,371161.4557291667,592.4417673746744,609670.5208333334
40,0.619140625,6.115360657374064,205092.79361979166,370.83704376220703,207696.95572916666,403.18603515625,412795.8658854167,0.8515625,2.3757213950157285,250514.33072916666,403.24876912434894,401437.5833333333,605.1603342692057,651954.2916666666
41,0.6197916666666666,6.120658298333486,208112.939453125,367.2797037760417,209107.40950520834,403.88323465983075,417226.4700520833,0.8619791666666666,2.2246634960174654,254894.822265625,385.28722381591797,428442.71875,617.0382893880209,683339.7708333334
42,0.6165364583333334,6.1725307901700335,205198.14192708334,365.35439046223956,208679.42838541666,402.1425717671712,413883.7447916667,0.84375,2.5184600551923233,232231.11458333334,391.63415781656903,378838.75,599.787607828776,611072.3854166666
43,0.62109375,6.098903636137645,207149.16666666666,369.78689193725586,209995.22981770834,403.98168182373047,417150.4921875,0.8515625,2.36808627843858,247072.52734375,398.00811258951825,393767.9791666667,601.5937143961588,640842.890625
44,0.6217447916666666,6.0967535972595215,201466.5234375,365.10730234781903,207889.1328125,400.78002802530926,409361.75390625,0.84375,2.518452425797792,237091.875,399.0106658935547,380153.6015625,599.6936340332031,617248.0
45,0.6171875,6.164103051026662,205331.50520833334,368.3198496500651,208304.26692708334,399.3086929321289,413641.9322916667,0.8567708333333334,2.3096722761790054,247462.03125,383.7706604003906,411606.7005208333,609.2896830240885,659071.0572916666
46,0.6204427083333334,6.113131026426951,204016.56640625,362.8884963989258,216185.38541666666,408.0151545206706,420208.0598958333,0.8541666666666666,2.316905895868947,253172.51432291666,403.38709259033203,383642.203125,588.4000295003256,636817.03125
47,0.6204427083333334,6.115406592686971,203616.64713541666,364.5402475992839,205779.98307291666,398.71112060546875,409402.7421875,0.84375,2.518452425797792,245529.12044270834,406.18460845947266,366438.90625,582.7049814860026,611970.5625
48,0.6178385416666666,6.159715751806895,205278.50130208334,368.3025652567546,215991.37565104166,406.6246528625488,421276.0338541667,0.8333333333333334,2.686349332332623,234725.82421875,402.2255325317383,364712.6848958333,589.5875600179037,599441.1927083334
49,0.6223958333333334,6.086260040601094,197714.93489583334,362.1817334493001,214191.91145833334,405.6721496582031,411912.9309895833,0.8333333333333334,2.5742137630780655,245742.11979166666,400.10281626383465,388581.0989583333,598.2969258626302,634325.8020833334
